"ID paciente";"Tiempo entre llegadas";"Hora llegada";"Hora Atencion";"Hora curacion";"Hora alta";"Hora muerte";"Hora salida cadaver"
1;20;20;25;55;65;0;0
2;260;280;290;465;475;0;0
3;65;345;345;395;395;0;0
4;210;555;575;660;660;0;0
5;40;595;610;0;0;710;735
6;65;660;660;775;780;0;0
7;160;820;820;820;820;0;0
8;40;860;860;860;865;0;0
9;85;945;945;955;960;0;0
10;45;990;995;1030;1035;0;0
11;85;1075;1075;1165;1170;0;0
12;40;1115;1135;0;0;1200;1215
13;130;1245;1250;0;0;1255;1255
14;20;1265;1270;1325;1330;0;0
15;35;1300;1300;1305;1320;0;0
16;65;1365;1375;1455;1465;0;0
17;10;1375;1380;1390;1400;0;0
18;10;1385;1385;1415;1415;0;0
19;140;1525;1525;1545;1545;0;0
20;50;1575;1575;1765;1765;0;0
21;125;1700;1700;1715;1720;0;0
22;65;1765;1770;0;0;1940;1945
23;65;1830;1830;1910;1915;0;0
24;100;1930;1940;1950;1960;0;0
25;35;1965;1970;1995;1995;0;0
26;130;2095;2100;2120;2120;0;0
27;220;2315;2320;2400;2400;0;0
28;85;2400;2400;0;0;2450;2465
29;10;2410;2410;2495;2510;0;0
30;25;2435;2465;0;0;2510;2525
31;120;2555;2555;2595;2595;0;0
32;85;2640;2640;2650;2655;0;0
33;120;2760;2765;0;0;2830;2830
34;145;2905;2925;3055;3055;0;0
35;65;2970;2970;2970;2975;0;0
36;10;2980;2980;0;0;3020;3040
37;165;3145;3160;0;0;3170;3170
38;20;3165;3170;3185;3200;0;0
39;35;3200;3210;3265;3265;0;0
40;85;3285;3300;3340;3340;0;0
41;110;3395;3410;3455;3460;0;0
42;95;3490;3490;3500;3500;0;0
43;290;3780;3780;3980;3980;0;0
44;25;3805;3805;3860;3870;0;0
45;50;3855;3865;0;0;3865;3870
46;55;3910;3915;4055;4055;0;0
47;145;4055;4060;4075;4095;0;0
48;30;4085;4085;4095;4105;0;0
49;140;4225;4225;4245;4255;0;0
50;20;4245;4245;4245;4265;0;0
51;75;4320;4340;4365;4365;0;0
52;45;4365;4365;4365;4370;0;0
53;35;4400;4400;4570;4570;0;0
54;90;4490;4510;4610;4610;0;0
55;55;4545;4560;0;0;4755;4755
56;10;4555;4570;4580;4580;0;0
57;260;4815;4820;4830;4835;0;0
58;40;4855;4855;4900;4900;0;0
59;30;4885;4900;0;0;4975;5005
60;140;5025;5030;5140;5140;0;0
61;70;5095;5095;5150;5175;0;0
62;5;5100;5125;0;0;5195;5195
63;85;5185;5185;5190;5190;0;0
64;75;5260;5260;5310;5320;0;0
65;115;5375;5380;5405;5415;0;0
66;25;5400;5415;5445;5480;0;0
67;75;5475;5480;5495;5505;0;0
68;25;5500;5520;5685;5685;0;0
69;5;5505;5525;5615;5615;0;0
70;35;5540;5565;5585;5605;0;0
71;115;5655;5655;5775;5780;0;0
72;55;5710;5715;5740;5740;0;0
73;110;5820;5820;5860;5860;0;0
74;10;5830;5830;5910;5910;0;0
75;450;6280;6280;6340;6340;0;0
76;200;6480;6495;6510;6525;0;0
77;5;6485;6500;6620;6630;0;0
78;95;6580;6590;6630;6640;0;0
79;15;6595;6595;0;0;6645;6650
80;70;6665;6665;6665;6665;0;0
81;65;6730;6735;6740;6745;0;0
82;25;6755;6755;6765;6765;0;0
83;255;7010;7010;7090;7100;0;0
84;10;7020;7025;7030;7035;0;0
85;25;7045;7055;7080;7080;0;0
86;195;7240;7250;7305;7305;0;0
87;145;7385;7400;7415;7420;0;0
