      [,1]     [,2]     [,3]      [,4]      [,5]      [,6]  [,7] [,8]
 [1,] 27.53 1.008889 68.97111 7912.2738  569.7574 0.1698127  3.68 0.37
 [2,] 22.60 2.114444 69.25556 6115.1432 1098.4375 0.3588237  7.63 0.91
 [3,] 18.52 3.053333 69.15000 4694.7843 1584.0894 0.5044346 10.89 1.41
 [4,] 12.94 4.110000 69.10333 3127.7106 2040.2009 0.7111499 14.86 1.70
 [5,] 10.44 4.711111 69.30444 2369.4448 2412.0792 0.8407079 16.85 2.03
 [6,]  5.78 5.427778 69.71111 1423.5239 2771.0286 0.9221693 19.30 2.43
 [7,]  3.80 6.067778 69.42111  856.4131 2881.3798 1.0260659 21.86 2.50
 [8,]  1.48 6.331111 69.30111  429.6738 3074.4778 1.0431053 22.75 2.60
 [9,]  0.94 6.360000 69.18333  291.9801 3171.7408 1.0937572 22.52 2.73
[10,]  0.29 6.340000 69.37667  124.1066 3229.2623 1.1190663 22.63 2.73

      [,1]     [,2]     [,3]      [,4]      [,5]      [,6]  [,7] [,8]
 [1,] 27,53 1,008889 68,97111 7912,2738  569,7574 0,1698127  3,68 0,37
 [2,] 22,60 2,114444 69,25556 6115,1432 1098,4375 0,3588237  7,63 0,91
 [3,] 18,52 3,053333 69,15000 4694,7843 1584,0894 0,5044346 10,89 1,41
 [4,] 12,94 4,110000 69,10333 3127,7106 2040,2009 0,7111499 14,86 1,70
 [5,] 10,44 4,711111 69,30444 2369,4448 2412,0792 0,8407079 16,85 2,03
 [6,]  5,78 5,427778 69,71111 1423,5239 2771,0286 0,9221693 19,30 2,43
 [7,]  3,80 6,067778 69,42111  856,4131 2881,3798 1,0260659 21,86 2,50
 [8,]  1,48 6,331111 69,30111  429,6738 3074,4778 1,0431053 22,75 2,60
 [9,]  0,94 6,360000 69,18333  291,9801 3171,7408 1,0937572 22,52 2,73
[10,]  0,29 6,340000 69,37667  124,1066 3229,2623 1,1190663 22,63 2,73


1 desatendidos
2 media de atenciones por doctor
3 media de descansos por doctor
4 tiempo de espera medio pacientes
5 tiempo de ingreso medio pacientes
6 visitas medias pacientes
7 pacientes curados
8 pacientes muertos

ATENDIDOS
      [,1]  [,2]  [,3]  [,4]  [,5]  [,6]  [,7]  [,8]  [,9] [,10]
[1,] 5,50 10,98 15,74 21,29 25,05 28,82 31,86 33,00 33,66 34,36
[2,] 5,37 10,76 15,50 20,93 24,57 28,24 31,19 32,20 32,89 33,54
[3,] 5,04 10,50 15,22 20,48 23,62 27,24 30,43 31,75 32,09 31,81
[4,] 5,24 10,50 14,94 20,07 23,63 27,01 29,97 30,93 31,38 32,10
[5,] 4,87 10,17 14,63 19,10 22,91 25,26 27,88 29,78 30,49 30,96
[6,] 4,88 10,09 14,12 18,85 22,57 25,56 27,93 28,63 30,06 30,01

